5473.814724	0.36566963	32.2228964	235.8554515	39.44425393	47.71729171	0.203735661
5081.905792	0.333352243	36.02529464	206.4482925	44.28759735	43.82208174	0.20672779
5016.126987	0.385793467	35.79493648	230.7550047	43.62918813	42.82407359	0.180184688
5335.913376	0.389817331	31.35053074	203.2586913	37.46728857	50.50598623	0.207544754
5014.632359	0.336976205	32.95154107	210.2668677	40.7569471	39.11165304	0.224713304
4962.09754	0.329713201	32.49517412	217.1994638	37.55316644	50.21717963	0.175041953
5038.278498	0.35109267	32.43486286	222.4761756	38.54855068	38.275398	0.18528517
5340.546882	0.333930779	34.5683764	208.1894932	36.91918622	52.95970493	0.226564028
5332.957507	0.360651695	33.11365699	222.8080392	39.36119494	45.1611041	0.219714214
5104.964889	0.394890672	37.62695351	244.2434347	43.13729359	52.30769235	0.228105783
4602.157613	0.338195729	36.09370832	215.428294	40.65497673	48.89974351	0.209720696
5142.970593	0.341916365	38.06893117	219.4479913	37.25921408	44.31431729	0.19876973
4872.957167	0.388380064	34.70157215	246.107139	44.80113454	51.97691215	0.178064006
4937.485376	0.332316158	34.98738209	220.2747574	41.53549281	53.53266686	0.173955419
5291.80028	0.384551952	34.90206227	232.6593044	44.58673781	46.63035562	0.224534027
4553.141886	0.324889589	34.53967434	230.2023314	41.00726898	53.17085122	0.236096898
4846.421761	0.37958739	37.21863808	224.3856434	42.94559937	37.62727623	0.176171961
4715.915736	0.388527384	35.47983489	208.6972982	43.15002379	40.12268648	0.174899431
4950.792207	0.392356644	33.21650696	235.9362597	40.36235611	45.82169599	0.190594161
4770.959492	0.377016024	37.5978198	247.4580079	44.03782177	55.44616266	0.188787315
4531.655741	0.326320531	32.44941468	246.6867179	40.35333729	47.84280545	0.17017983
5378.035712	0.336019401	33.72743637	206.9589497	44.81760282	39.69989157	0.182900944
5110.849129	0.39424919	34.26639454	229.5149579	39.50151857	43.5658705	0.209084709
4508.933993	0.330909272	36.21916421	238.3436781	41.85100616	54.00450837	0.203379255
5495.678735	0.357799534	33.51844048	226.4960989	38.22407738	55.16461136	0.229519826
4784.75774	0.338107704	34.43718849	233.6194305	40.64847484	53.54736265	0.195430692
5033.743132	0.37036842	31.90979726	233.9001391	44.13571322	47.43728614	0.193626441
4546.392227	0.367675942	37.67457473	217.5534847	43.11852985	50.2087291	0.184157726
5336.655478	0.327513677	34.30084107	211.2719377	41.40301099	54.41697274	0.200829184
4677.171187	0.333592775	36.68940673	247.05662	42.06726864	49.85904297	0.217038796
5222.706046	0.395275138	34.03633967	232.0837545	42.27876285	45.98584989	0.227866609
5059.031833	0.395766955	32.0302927	243.5976132	42.01612403	55.52126409	0.209309341
5424.276923	0.370499504	37.15944955	221.5169145	44.23848488	42.04507064	0.233865519
5427.046171	0.369185289	36.71448127	225.6766414	38.95416053	39.37254464	0.239235641
5258.097132	0.327369066	35.78445739	235.2628659	44.04184274	50.79156084	0.202680519
4563.823458	0.361247691	35.76767923	244.8595297	37.22487661	54.3310521	0.236381215
4706.694829	0.370888089	32.83096021	246.739427	38.14910804	46.48815036	0.234921263
4606.317099	0.389470492	36.38945874	239.272652	40.94366626	49.24915941	0.240973497
5391.950222	0.356442086	37.01696905	207.1517024	43.96341915	53.23696733	0.206634858
4627.034446	0.358259754	37.75989759	232.7867893	39.5257177	54.89124015	0.168674893
4525.438744	0.393932913	37.37377562	237.5869158	37.84520801	41.46501739	0.243197219
4741.381558	0.342604984	33.09917858	204.2388604	43.9422831	42.48373346	0.20697081
4732.765517	0.326726068	33.28150981	202.8228327	41.02840117	46.51857878	0.166748325
4686.7952	0.324980261	36.03761173	223.3827968	43.50372438	40.35617945	0.173483573
5068.186873	0.335735366	33.00804248	240.0932997	44.11809942	39.74785174	0.216541838
5346.489764	0.334886666	31.8943711	216.7858378	37.3503246	53.8298558	0.20494096
5347.445586	0.331907559	34.80202876	212.4091203	40.68107786	47.86516345	0.17511945
4934.646313	0.364008662	33.35658568	209.1991297	38.22954086	55.50412942	0.23795488
5466.709365	0.385289924	34.75089551	236.2769073	44.78939929	53.75186576	0.232194745
5282.754687	0.357226257	36.75861596	225.2260356	41.53076954	41.08573685	0.215970457
5223.276025	0.349588733	35.41308237	215.8604742	42.85331861	51.64647768	0.165926274
4639.679703	0.37869116	34.27592688	242.4803826	43.45197473	56.24638537	0.197489084
4739.655098	0.342201638	35.86962445	207.7226112	43.346173	54.38349695	0.23295195
4947.162612	0.353527565	31.58612835	210.0647821	40.51489658	55.33025876	0.180786071
4948.118998	0.325427144	34.63522853	246.8699291	38.19096804	54.4038279	0.219827772
5114.498364	0.395628558	38.07107249	206.8589847	42.22408067	54.6934697	0.219432875
5124.959744	0.345409524	35.01554635	238.8426843	37.45236906	43.9940105	0.215831836
4867.340386	0.343254965	35.46800317	214.9212125	44.97683768	44.13606019	0.212424549
5177.585268	0.380633201	35.37838627	228.4795135	42.1306925	43.55874603	0.23327821
5203.223812	0.389570459	33.69597214	240.9058699	39.68907873	53.14411381	0.226833677
5148.751267	0.346949458	33.4536779	230.0894558	41.68596585	49.19251715	0.190303595
4888.255095	0.366390568	32.57411681	206.8006945	41.30250977	50.69097145	0.19800031
4551.505957	0.324604017	35.15675915	240.3596644	41.30769771	37.66161452	0.235235455
5409.699077	0.34764691	33.34709842	208.0552722	37.54371756	52.94896628	0.181785361
5030.890903	0.387212857	37.49847251	206.891003	42.36455273	48.84898556	0.167096975
4747.959291	0.327209254	36.60342957	241.788368	43.27640857	40.26730187	0.229862961
4886.547216	0.39195718	32.37573671	233.9575804	38.17386525	51.8881157	0.212547551
5328.138624	0.372475897	37.72859552	242.428543	39.05108077	38.64709325	0.166062592
4799.149294	0.382580807	35.33905626	205.1784775	41.43935143	51.34915559	0.202106902
5252.257508	0.384378362	33.93275753	211.7052846	38.19926009	53.20973369	0.205256549
5012.840717	0.35812537	32.15614595	216.10087	41.69781745	45.58338429	0.239622105
5235.254282	0.371742185	34.90671526	217.8860724	44.52752522	51.83011755	0.238821192
4939.814285	0.351900036	36.44784735	230.977158	41.57203165	41.15118979	0.171418151
4587.243525	0.349741554	32.01267703	215.6150046	39.33394348	37.80674697	0.183195362
4973.929264	0.366126492	34.18372512	205.7391928	37.77746337	42.11337022	0.170109552
4716.349984	0.381089136	37.68964161	206.936022	43.40599775	39.21923683	0.209844274
4868.196595	0.394047676	35.59931462	203.3655491	44.86933252	42.88245348	0.164341655
5002.251084	0.354631607	31.43501438	237.0064766	41.62099409	37.75209656	0.225561312
4548.616045	0.362216284	31.23755365	209.2703073	44.79622672	49.83289978	0.198959435
4522.473289	0.328618689	31.2718142	234.1012486	42.80014576	43.20106454	0.193053014
5199.35166	0.357164627	37.5182805	223.6479947	43.11238988	46.23186615	0.235653148
5174.830829	0.364626765	37.91424994	226.3564193	39.8860818	47.97542701	0.242472528
5163.585264	0.370256087	36.20401555	239.2430654	39.4151316	38.85997152	0.222545456
5348.549724	0.324420768	36.67381453	206.1437366	40.71305721	52.70284249	0.201275283
5140.917194	0.345542127	32.14633559	222.2841744	38.75490011	53.39648015	0.214777146
5097.285839	0.395157877	38.02136481	234.3426602	38.1426858	47.0561098	0.202235952
5330.7572	0.354274797	36.89186317	209.6311343	40.04962257	38.72511604	0.209565249
4729.753729	0.358800322	32.00939915	233.2160001	37.61103182	46.90213682	0.218167047
5440.380446	0.380865491	35.64525924	213.7910091	38.90721745	55.23252523	0.239948376
4874.567822	0.352655099	35.91204607	212.2819299	39.17864083	50.88746597	0.225004572
5478.075854	0.345755451	35.2588071	245.0802944	41.10960676	52.5429264	0.217409565
4956.05395	0.389249055	34.93721896	216.5590586	37.98954308	39.84323655	0.203290272
4626.530798	0.328298561	34.65505629	213.9873118	38.07618465	41.48676362	0.244468927
4622.779167	0.394443034	35.66310332	219.0800055	44.73925481	51.50569249	0.167945274
4969.934011	0.340054107	37.13843405	216.9732382	37.66823328	50.03223665	0.194403297
4637.129906	0.379006006	32.78969934	219.3990589	38.46546668	52.0823426	0.17866099
4564.568824	0.334198346	36.00958716	218.0423449	40.635402	52.86388238	0.21554414
4620.469391	0.335221927	31.47856175	236.2443053	38.4507578	44.25580632	0.196642494
4958.011902	0.360100936	37.1013425	213.8535157	39.87174224	53.66829153	0.227401818
4930.337123	0.391869499	38.0569965	213.3180013	39.09684297	39.89752487	0.237371583
5188.162182	0.370078937	33.23814311	245.2732976	44.56391471	42.35309401	0.176984978
5187.794285	0.390352282	32.94668545	225.5877821	42.68509476	43.73290277	0.184732794
5380.311215	0.333571219	35.72834705	205.0754115	43.51145125	42.69667328	0.169668979
4992.528533	0.380211865	34.953989	227.2553319	39.51811089	37.93124671	0.204811248
5281.165649	0.340594851	35.00050142	219.6044451	43.43933885	41.94475172	0.166311608
5123.601982	0.32469401	33.85292175	242.7700624	39.26460019	56.00142236	0.245540538
4850.262971	0.37295191	34.59032917	229.3665025	40.37183105	39.66617499	0.228643794
5007.654079	0.355838309	34.32210926	244.4777566	37.83122538	43.49027524	0.196875661
4727.689215	0.355924466	33.58546975	224.752827	42.27789646	54.84489388	0.219090749
4721.748152	0.351575437	31.97280887	247.3251172	38.26913429	48.7485275	0.233341621
4944.450542	0.385660969	32.52638948	208.1470701	43.29789852	48.72012239	0.17005697
4828.083821	0.372647438	37.00069951	213.3719749	37.70312169	51.79378347	0.203787736
5094.228977	0.392752897	37.80694323	202.7290597	44.90724032	50.94307329	0.186883322
5388.913337	0.332063667	31.39241256	225.8090201	38.78009122	54.35664153	0.239003596
4654.152378	0.328871028	36.17161644	238.4393858	37.71290923	41.86008766	0.20200988
5493.825817	0.354175807	34.17041717	224.0307509	38.92104758	48.74429558	0.192496423
4597.538342	0.3528746	37.46861246	243.9838691	43.77879125	50.57409682	0.231588969
5376.996135	0.377468503	34.43977922	229.6468273	37.14052383	48.06369139	0.191949932
5339.078176	0.364072834	36.19233391	207.2170783	38.70197555	54.59276298	0.205723502
5138.442678	0.394701261	34.45829097	223.1698039	39.15808978	40.73376779	0.212053359
4769.106653	0.38611772	31.8926991	215.8173585	42.25256512	40.44336784	0.242184926
5395.961898	0.325055701	36.15989774	214.6609849	39.64070347	42.51324318	0.186217418
5214.004634	0.343621679	31.4562518	205.24307	43.38902606	40.82505427	0.209465607
4866.77491	0.363474712	31.74685358	239.5579871	39.66400869	50.61087037	0.213433698
4646.817303	0.336741264	35.70411075	245.7254061	42.01820158	53.08011643	0.191595915
4694.868695	0.387758895	37.70587985	204.6597172	41.66877884	53.02046521	0.234801596
4560.084436	0.388154179	32.69380251	241.7296943	42.43861927	38.6807927	0.242722004
4696.399783	0.395906135	34.44572393	221.7741211	37.58770665	54.12155405	0.176669358
5021.25987	0.38624542	32.5966325	233.6426043	42.54209228	40.55870354	0.222947872
4763.800068	0.37800425	35.43325538	227.9269833	37.15149508	50.52533799	0.171126476
5000.431414	0.354520083	32.60438852	228.0965825	44.29841913	55.81897844	0.177225387
4507.910648	0.354407775	36.99362628	225.1985433	38.24673817	40.11749099	0.234202882
5018.181847	0.366280538	31.49563573	241.6222873	43.39605083	51.51590346	0.213036011
5293.263803	0.336536204	35.3033896	244.0135407	37.01391951	48.19158281	0.165748073
4960.145539	0.354550386	31.91560167	221.1701467	42.29656936	41.37241327	0.208405469
5430.136069	0.343384447	33.83137446	237.5282664	43.48686051	51.99625742	0.193751992
4875.869292	0.350758944	33.77679261	216.0721975	37.58911273	38.4492537	0.200627234
5218.579705	0.360148764	35.52086548	229.4142662	42.83925584	53.15732674	0.236808867
5098.54986	0.369811831	34.41468574	208.9951192	40.92466348	45.42071236	0.191368004
4818.144955	0.383204291	33.73147206	218.9315179	37.72829759	42.95250306	0.184923818
5135.853031	0.335151365	35.95334294	215.0660196	41.27921599	50.00951467	0.180889049
4725.622055	0.359959992	37.91001513	231.2720537	39.78924286	49.76441419	0.172146558
4949.350952	0.387054426	37.3184201	238.6471644	40.08339195	43.17403372	0.226451076
5073.51325	0.376675437	33.18652732	208.719702	41.6957461	38.22879601	0.199401974
5429.401808	0.342848395	35.79788126	246.7185179	40.77574578	46.33235181	0.183997407
5404.075967	0.368792203	34.27893603	235.7909872	42.88540652	43.01751875	0.241517339
4914.239916	0.384766457	34.85934123	215.6493831	41.5612349	47.11958034	0.19019597
5415.123319	0.388141099	32.04522261	237.7753315	37.02969548	45.53135757	0.236255685
5363.183908	0.352443647	37.37937893	206.5385569	41.33682697	53.12399382	0.178552244
4869.239953	0.395025567	34.61920661	219.1741374	37.47529974	44.0750353	0.203561422
5438.417267	0.390479447	34.68339614	246.5536484	41.52347816	54.81905827	0.181394481
5298.049654	0.331173375	33.82697389	210.7154197	44.61962031	50.47977297	0.185536474
5217.902716	0.361312582	31.2830192	239.994796	41.60546858	38.56220893	0.180555512
4976.944787	0.390713752	33.38912343	232.8685993	36.8972652	52.88339584	0.175843049
5162.490864	0.375523427	33.14161569	246.45879	40.23291232	47.79149596	0.194026419
5032.489253	0.371347191	35.46371769	203.8190986	38.98728317	53.34289512	0.213634182
5020.337719	0.378248287	31.40274123	224.4747143	42.770932	55.46543743	0.183274817
5078.900054	0.37397055	31.57975393	235.1628006	42.10762177	52.92337403	0.195738934
4516.369247	0.336276995	37.87284893	214.447164	41.59331045	45.27405863	0.186306186
4616.111203	0.391421357	36.48357712	212.8523356	41.61002894	44.90224872	0.223003138
5369.780252	0.375991779	33.53630735	219.2300108	36.87388024	49.69390702	0.22144617
4631.389739	0.376449111	32.2649748	212.8242003	43.74084039	42.5388002	0.179194977
5306.241691	0.375584464	33.81964268	216.8225983	40.86261086	53.05810661	0.16520987
5062.403912	0.337503682	36.47660243	215.8800079	39.13583285	56.13603827	0.19070503
4524.096455	0.389361989	36.50573136	218.9865123	41.87554368	47.90814269	0.200731067
5329.131973	0.384674461	32.12740121	221.0307657	43.68844309	55.27491241	0.210041783
4562.942051	0.386918801	33.01804214	232.1117411	40.48587165	51.27804356	0.174702483
4621.956135	0.384771758	35.6141104	233.0877001	39.8512603	42.67206222	0.184482715
5262.575209	0.388023817	33.61593643	242.5892708	43.99077284	43.3987448	0.236616836
4510.05978	0.330729094	35.71897182	235.6328617	40.6141568	48.93632139	0.222610853
5129.23478	0.335589014	35.20522201	205.8145582	44.17735369	49.56500783	0.230331454
5242.353159	0.379568883	31.19664448	206.6054349	38.61246637	51.63052349	0.238145245
5064.821194	0.388976535	36.72781573	222.8679879	40.50409127	44.39143439	0.212921865
5439.015403	0.333240007	31.82716985	211.0983806	42.55844061	47.77006351	0.196592189
5080.043024	0.357412255	37.40451	222.433504	41.22051122	44.37219016	0.201688569
5017.16899	0.372869345	34.28883484	229.9324486	38.39476843	43.96183745	0.194192654
4708.649115	0.362556489	34.34419539	209.4472672	43.58671951	48.54582106	0.215305563
4896.731722	0.361454395	35.12066042	209.7013756	39.14726204	50.38907646	0.21541542
5207.647746	0.341022758	33.57822869	228.8635905	40.63223053	49.6398667	0.227240582
5130.450924	0.376860146	37.20556293	203.7421594	41.96549306	49.23715744	0.217538986
4624.547009	0.375822122	33.59165682	226.5681528	41.71044232	40.09872737	0.210885012
5400.296321	0.341234521	31.85960978	231.0527077	38.72800213	39.79114803	0.166257732
5255.744693	0.332779811	33.86518911	245.925356	40.28597603	43.89041111	0.224439607
5301.188955	0.388225236	33.0848141	228.1913583	38.8614185	45.38468793	0.207148366
4742.686775	0.342419692	33.45620832	203.0584817	43.89389819	49.41724076	0.231486985
5244.183511	0.326565115	32.02319757	244.7429565	37.55713899	45.08048564	0.173263259
5099.368485	0.36205479	31.47442034	242.1067997	41.47863285	46.06871024	0.20646224
5300.625619	0.343126837	36.54557445	220.9416855	43.16516449	54.99748985	0.216680515
4904.780227	0.326212317	31.26747283	216.5359321	38.44331792	53.18716387	0.193601221
4821.081126	0.366990803	36.66751807	210.6800074	44.35847699	45.11346204	0.239915131
4797.929386	0.349119185	33.47219776	227.6890705	39.03208844	55.27184396	0.192986066
5212.775713	0.369505034	36.18048374	242.3432339	44.80970155	41.89914777	0.190086708
5475.486792	0.33986119	34.04647155	246.3615855	37.66129589	53.94525538	0.216169404
5385.435859	0.395652954	34.5123607	207.5204457	40.30899966	54.13751026	0.237458151
5337.446784	0.353946693	33.16191025	245.3213131	41.29541647	42.16066842	0.183706551
4633.306349	0.368356909	34.42469366	204.2705212	39.05624155	40.24600703	0.165618579
4596.508509	0.382505839	31.33332185	207.6616905	37.93100213	47.78284836	0.22010111
4561.510772	0.393093875	34.26244829	229.0572389	41.54696977	46.76506911	0.175211981
4942.817628	0.384958891	35.27531254	230.0400681	44.15282706	56.07923518	0.182290403
5043.794831	0.358622253	36.85736053	243.16029	43.14360517	40.63818046	0.19497258
5476.644318	0.337972029	35.45111675	219.9845918	38.55495292	44.02281177	0.198121982
5355.378609	0.373594814	34.82889456	218.3197872	38.47858098	55.81160996	0.207376692
5015.81158	0.381134082	37.86727163	223.4562542	39.79779275	54.06618584	0.245474634
5025.532826	0.392161993	37.55324876	220.0917372	43.9516139	55.67393765	0.164432103
5151.350727	0.362319293	35.33145749	214.2874895	43.54404691	39.83178791	0.201427424
4520.939002	0.332823116	36.63071198	246.0556468	44.01834816	49.45384218	0.223772302
4503.875943	0.394538581	37.05939725	225.8371848	44.74378913	42.8332336	0.181343647
4610.550156	0.359348863	31.48980681	204.2066794	40.81184561	50.11017191	0.231163256
5356.622475	0.384224007	32.47089232	212.1802626	40.97145802	42.29412684	0.175288047
4543.587045	0.344238149	37.19620055	205.8903361	38.74243709	52.8134648	0.166578832
5045.207742	0.379228128	37.30629902	211.6366529	44.60524272	47.24400527	0.179100068
4935.301246	0.35709332	36.61079914	223.7192266	40.15509311	43.91634261	0.191533569
5169.470923	0.356817325	33.8905496	245.2381753	44.17177857	52.00624286	0.169947563
4681.230488	0.378553766	32.90724008	216.593155	39.21148601	56.19956255	0.245843207
4719.844309	0.371544862	36.12455022	209.8541811	37.13527024	41.17193316	0.170715838
5272.194764	0.381308171	33.65397565	232.0244176	39.1204013	43.76243265	0.167269188
5377.225922	0.387613454	35.38509587	226.813645	44.30111448	52.03454453	0.197788617
5457.170708	0.361220675	34.72461448	235.4751055	44.21074079	45.84628853	0.223830485
5443.227664	0.387941299	32.38134272	202.7941632	41.79004827	55.02405527	0.17653692
5464.435699	0.350006906	36.92284961	209.9146082	44.10204262	52.25362415	0.174442513
5145.311102	0.369271802	35.75458886	218.1887525	41.38250696	47.57961553	0.192672671
4615.92338	0.364601822	33.64047683	223.6001917	37.64530724	55.57518127	0.208973266
5158.430207	0.342344344	31.77979069	246.0627311	37.97360031	55.05604944	0.224388644
4988.184816	0.355557278	32.1411024	215.7379097	40.70170533	41.63665951	0.208773397
4689.904881	0.347770933	36.14150194	234.2887349	43.90895734	49.74946515	0.174648636
5350.979748	0.35206905	36.30304976	247.1282906	38.03528914	55.92119973	0.229676901
5071.43887	0.35552051	38.05373343	224.140183	40.464585	51.66958554	0.198889259
5072.111119	0.3743475	32.65004258	234.5861634	42.67840996	51.95947311	0.232516726
5010.258065	0.344104402	34.70452099	231.3061903	44.24483201	47.99021218	0.222301409
4576.40872	0.327839114	32.43113833	239.1040839	36.93311301	52.20727775	0.211101139
4853.594896	0.359051728	33.71740486	243.9344055	41.75135365	38.63281224	0.168364027
4812.262212	0.329459197	37.28767909	228.1285997	42.46447961	47.49963392	0.175469053
4541.602843	0.334337089	37.96603687	218.0139517	37.4937154	49.4267075	0.1640565
5432.711216	0.330089172	37.38797868	226.9426409	37.7201319	53.56897991	0.20394806
5164.221747	0.375644593	37.15113063	236.6852727	42.80389498	55.68899989	0.24477074
5198.117418	0.379778338	37.05406287	228.4028394	41.83257646	40.96511787	0.173279864
5103.296676	0.362433331	36.45643732	237.6903081	40.9038304	39.94098326	0.173118924
5295.318778	0.391495794	37.40610909	209.8233101	37.82276554	46.28344331	0.233445933
5004.424167	0.368024128	33.51171976	210.1496281	39.02357229	52.35138713	0.226132149
4723.507858	0.335625528	34.32959292	235.9857682	38.24134604	54.03996557	0.221738818
4897.085516	0.381188091	34.50599888	220.1562262	37.53903699	51.92739128	0.173792867
5001.262482	0.338448627	34.83667408	234.6385983	40.17545799	55.77899503	0.241872239
5455.801015	0.332561064	33.10352198	210.4971479	38.76221643	45.54525809	0.168946435
5239.02922	0.369137414	35.50661384	231.218004	41.38993678	50.74413286	0.23407699
5029.928854	0.331397798	37.27257647	211.1844082	43.58863881	48.0038893	0.212643273
4518.730331	0.367578757	32.79996803	241.650765	43.67865743	42.46699109	0.205753549
5019.488609	0.372721654	37.39699733	218.0717908	40.25768833	48.30733346	0.242983082
4722.578525	0.350505492	31.52435477	230.3911949	44.83932039	48.42022111	0.170782494
4611.237284	0.368576892	32.42085251	231.1136907	44.41431682	53.98311811	0.197394721
4758.458849	0.361021745	32.3029799	233.1704814	43.36203446	52.56825441	0.186244141
5189.963089	0.361378493	36.10359006	215.1789351	36.86330238	51.44148554	0.198479504
4968.546806	0.393018123	37.74213752	223.8533782	39.81968832	51.3105601	0.188126095
5134.521136	0.327893282	37.70126418	226.2413657	44.92845812	49.47275478	0.187399082
5070.231594	0.365243207	35.32199332	214.703583	38.0866854	43.30692494	0.176270294
4540.488898	0.328588049	32.46844701	230.7826549	38.41457691	45.03380474	0.23622148
4830.62406	0.349410662	34.52268344	234.5422912	43.97916252	49.79942679	0.243744379
5299.679136	0.35895547	37.77332856	204.5275243	37.91652418	42.85093669	0.228502626
5156.395515	0.379415152	31.65153134	229.1550839	36.89281647	52.84021567	0.204288195
5106.367437	0.347968089	36.89316427	236.9533907	36.950907	50.3706291	0.216586805
4680.987982	0.360974774	33.4228748	238.945139	43.44091274	50.72719873	0.210997627
4692.037739	0.325604319	33.03451971	223.9953028	39.55909452	39.05433384	0.233851236
5394.885168	0.330622269	32.99899032	228.765837	42.20111038	38.12275125	0.237249629
4832.913287	0.390962623	32.68653305	221.4763085	37.03689323	38.90733182	0.168338524
5126.796184	0.38263149	34.80559665	207.2609924	43.35475833	43.1194932	0.219851283
4825.098712	0.336958057	37.84050726	224.6697272	44.33326546	40.21754546	0.177498337
5205.261871	0.341594282	32.11344952	237.4433971	43.31161065	56.27031659	0.18944328
4750.335357	0.329638259	34.71163189	236.1299281	37.41002186	45.43291932	0.199219667
4775.679728	0.346832706	35.237048	227.3370378	40.52708429	41.00242661	0.224232188
5087.136553	0.367913935	36.53720907	217.3160915	40.58503311	38.54191238	0.185734276
5194.721227	0.353673754	32.66929577	205.7630043	40.11027523	47.13513188	0.221845841
5448.106762	0.326111912	32.82892739	212.7483143	42.99596635	39.87497644	0.207723936
4577.653757	0.359560619	31.85577899	218.5314376	44.70382377	55.0997601	0.187773304
5005.494174	0.356003975	37.08599689	212.9330513	36.90270775	52.06624924	0.173404699
4994.779052	0.363356301	37.9585315	211.2992169	43.47043832	51.03200837	0.243631506
4772.715037	0.343481986	31.8184245	226.7509561	39.69850926	40.39948073	0.209375489
4871.903721	0.366530274	34.46755104	220.2007818	40.23095031	53.81344237	0.187477097
4740.890923	0.366050112	31.4492194	220.8120896	41.22500972	42.61102979	0.189772784
5283.334163	0.332462008	37.4148172	217.6617474	37.62539969	45.96034137	0.186842039
4762.698746	0.325514309	35.81394448	246.2214465	42.02812838	44.16268614	0.20924728
4598.19781	0.330035554	31.97004805	222.0795793	40.25388904	56.05237702	0.183636536
5238.030541	0.329568479	33.98735342	218.8965094	39.3058704	40.07195369	0.223678876
5449.744074	0.379500963	36.57160495	208.227413	37.10577416	51.37769055	0.236440339
5327.500022	0.368081717	35.59287067	232.7519744	41.67400391	45.22555081	0.229824641
5193.479922	0.388697867	33.03039719	242.5151942	39.00703683	45.74260741	0.171491317
4630.904722	0.351499513	36.32711434	228.9150594	44.5813441	44.34180921	0.207947885
5082.609867	0.372171441	37.5309988	239.9801853	44.71732473	45.31108658	0.199895512
5184.617666	0.384987886	37.26175982	232.9854074	44.34370234	49.16950168	0.237145605
5050.859442	0.350641484	31.3554909	220.8410289	42.72784193	37.77920832	0.228595924
5213.805489	0.341329066	33.33985813	229.8292022	40.42271955	50.34405397	0.222212768
5175.576722	0.365515101	31.65891175	204.6147308	36.91164049	41.74838992	0.240534516
5065.182922	0.38571221	37.27384215	213.2542752	43.21144697	44.70240736	0.239363845
4661.239932	0.33456933	33.30248415	202.9934047	36.99127984	45.49836927	0.200068117
5441.886512	0.365876485	32.33741564	242.0849819	44.95993517	51.86026951	0.201481737
5433.028674	0.329909055	36.86999846	231.1976771	44.75423781	44.29091022	0.211933065
4870.489901	0.333004988	34.33912088	239.5050319	38.42681084	50.27325079	0.228281073
4852.167927	0.355329793	37.21770174	242.3935248	44.55180101	43.59032994	0.222098805
5451.978681	0.3291688	35.49182909	239.7273009	42.89876323	47.37751991	0.169170261
5477.712694	0.344670653	33.48147304	207.4823271	37.35201267	47.40253117	0.230620155
4841.500472	0.331793127	31.7981244	205.5950108	37.50770118	38.25259752	0.166434678
5302.471088	0.373049543	37.05125218	208.8486479	42.73131086	53.43148794	0.213303433
4673.059619	0.352087547	36.45213314	227.9799711	41.36029664	54.027627	0.206057464
5372.681972	0.351349801	35.70724557	225.4141782	40.9497098	43.28959081	0.205447696
5232.042431	0.37711427	36.02776554	209.5480845	38.81657122	48.3516837	0.211661026
4665.071445	0.324124829	36.80126132	231.9176342	37.59859112	41.97329024	0.179596067
4883.52165	0.342982838	36.44037861	231.8775464	40.12301488	47.42139462	0.211301675
4724.09673	0.356653171	34.66694828	211.8158503	43.56595854	44.96297409	0.206208812
5055.818149	0.3467035	32.84132193	213.5340953	40.55241628	54.73599826	0.177584302
5318.817547	0.339959648	37.43836766	214.1761092	40.21516797	54.2021626	0.196972781
5063.72244	0.371672465	35.69456725	204.7670278	44.3293783	38.94678167	0.245658566
4574.149865	0.354034643	34.3623685	222.7203177	37.36244076	46.96146492	0.233081303
5482.659605	0.377209423	32.25642014	226.4428733	40.95411149	38.84975588	0.187095352
4632.518595	0.347253429	37.75238406	246.1842601	38.16477355	43.27013273	0.233036163
5131.972975	0.343077867	31.29440114	210.4381198	41.16607198	49.94391987	0.193775078
4733.648991	0.340136918	37.44956771	205.455343	43.71609216	42.24783492	0.224155514
4854.800331	0.378321654	33.2693111	226.4197984	43.70455923	50.05816654	0.189503343
4652.453798	0.330959282	33.97294706	232.1573156	42.1538028	48.86414317	0.194757479
5402.432392	0.336188893	34.7807593	222.8988373	41.88815913	51.62055593	0.171782265
4592.825314	0.340830327	32.08326363	218.788445	40.82521958	46.79720539	0.208898905
5489.08347	0.382072184	32.80948999	218.8769164	37.73688093	53.24477952	0.210956825
4911.133171	0.351966801	35.03584726	243.4670112	42.00054053	52.22124415	0.218385342
5096.173389	0.336835238	34.52994997	224.2627952	40.33227897	45.18121636	0.174218887
4527.390938	0.387270269	35.22862682	240.595314	37.95960909	38.52426001	0.226900477
5359.83138	0.349192683	36.11365642	224.4523752	40.81415014	54.79496461	0.177910952
4726.803364	0.371284448	35.89394893	244.2130964	44.00809731	54.52471405	0.198208457
4687.060471	0.362477292	35.0732229	224.1483978	39.83193643	43.84654399	0.221368752
4703.399258	0.340267559	31.23148888	211.4049611	38.71114911	52.90026585	0.178429567
5342.526876	0.383562391	35.6668657	216.2953101	43.30213218	44.50707151	0.170942874
4567.416799	0.373862388	36.54309485	209.303746	37.98116253	37.90276608	0.229381209
4590.65686	0.340772742	33.80958416	245.5299654	44.45803975	47.69924446	0.174123547
4501.627973	0.350443278	37.74545866	243.8867593	37.74945104	50.71042572	0.181058046
5487.291984	0.366786006	35.06576854	203.4718543	41.41413048	38.98884124	0.233742895
5251.431651	0.386202792	34.99387888	231.7763833	44.7251636	52.61367568	0.245999114
4678.015487	0.334804938	35.72672	206.5935822	44.68253176	46.12125253	0.170291316
4920.984064	0.350373557	33.50004388	211.9311785	42.95689197	49.30033844	0.189616549
5079.167168	0.379338594	35.31748455	217.264491	44.76319737	49.91188575	0.17569244
4999.106216	0.334238638	35.91997877	238.1474971	42.12050793	39.21492998	0.219561001
4667.37241	0.374229784	32.09382222	205.3395942	44.3932169	54.2840215	0.201843629
4712.198118	0.360273483	32.59171963	239.4065811	39.92337927	54.86345441	0.181641935
4765.489688	0.332100122	38.08240068	214.5902204	38.41677023	46.22081173	0.195183858
5228.339493	0.328150858	34.35283382	216.3437934	40.71681156	38.58096233	0.191265094
4698.95163	0.336657309	31.50123281	237.2567596	42.59721749	53.6337624	0.189349633
4987.920332	0.342232803	35.16972139	236.3473293	39.1607222	51.12156115	0.220941323
5499.052677	0.39201126	33.16874098	216.9175283	37.39989429	52.75596038	0.245228634
5384.737858	0.395432097	32.71248607	228.2759989	41.76722673	44.72570239	0.208510369
5296.269119	0.371629135	35.98748078	236.1779907	42.7925667	39.5236617	0.205530589
4512.422836	0.369348325	31.37723191	202.9389804	39.82700699	39.18963709	0.202595278
5046.547871	0.350850297	36.78746049	225.5532845	39.31877207	46.97790114	0.192352089
4788.942737	0.366587872	33.77014043	212.4738003	42.35839652	41.58191985	0.243472932
4792.417744	0.377371988	36.56618241	241.1048303	39.40890798	40.66485887	0.20283681
4521.983052	0.348670981	33.55493661	206.3344339	44.44367527	55.5609843	0.245407134
5121.301455	0.373962046	32.31587929	223.491616	44.50368129	55.18724715	0.185354529
5137.701099	0.325836708	36.95774182	220.5050844	38.6926439	38.75556178	0.186093997
4855.666339	0.348838142	35.84221948	240.7559566	37.17372512	42.92118422	0.21996408
5027.539126	0.374630204	35.29205355	222.1228801	36.8479331	40.78879963	0.23076578
5311.698106	0.327104005	38.09573809	240.6635684	38.00509288	52.16206702	0.185716299
5322.666528	0.35116541	31.63045923	220.4832129	41.12584972	40.91441761	0.234643127
4607.178132	0.329788542	34.14380178	235.09851	39.2484831	53.92659052	0.221162424
5226.128014	0.342678294	31.81427269	238.5287365	43.77520535	37.8281687	0.244963878
4536.99908	0.340078426	31.59462569	231.0235451	44.23044538	44.59923475	0.180303306
4529.171121	0.383449957	35.07656269	243.5293609	44.51744306	54.08311385	0.236908073
5459.032601	0.370662615	32.3092257	226.3489272	38.63544853	47.20746369	0.217353247
5436.5612	0.39494895	36.46234685	207.4401692	38.58743432	55.1454666	0.204158403
4922.881867	0.358869253	34.73286592	229.7671012	37.27640311	39.96872985	0.192430275
4506.669175	0.324022068	32.24543511	208.0232618	40.20267799	45.09080258	0.199432637
4810.190433	0.3388396	37.42978976	206.7414129	43.07649959	38.50527236	0.190564606
4931.368917	0.358746756	33.49180868	242.7173663	41.39676066	52.80706109	0.212742743
4647.460726	0.378092356	35.5495178	225.0312081	44.32053279	48.01578995	0.228989929
4835.981638	0.348491176	32.29342615	237.8597994	39.48025942	45.04698146	0.1985301
4998.156405	0.342072047	36.81524997	213.4686248	43.04829748	40.87591607	0.214387616
5133.855523	0.373124419	36.84831121	244.3193273	37.34060474	47.27748189	0.234368597
4638.644765	0.390927658	34.13973076	247.0279694	44.42780074	49.63008822	0.172307295
5109.376272	0.372158705	36.40755089	219.364788	41.91093078	52.32460031	0.197056735
5368.190924	0.374691042	37.48486645	209.0957767	40.24571632	40.69585802	0.172966169
5209.428253	0.36380914	32.92776341	227.0679233	40.88353758	48.14339317	0.168072371
5013.482022	0.38369743	34.58059576	213.6227208	40.89426886	52.24423988	0.182246329
4891.120612	0.364740028	37.81883466	228.6408256	37.79897177	46.20803713	0.182843327
4858.589507	0.359913634	37.46154989	239.0288499	41.37234304	41.17940224	0.230467281
5273.226188	0.367554087	31.42814605	231.6728779	43.65432965	39.34721489	0.235673484
5136.384619	0.338481886	33.29716222	204.4182335	37.27861524	50.65541364	0.207398376
4859.582986	0.390852341	37.49448302	212.0158273	43.93680149	43.78825542	0.174406512
4658.251806	0.351605157	35.58408443	243.7258248	43.72464919	56.10502463	0.18358894
4731.290441	0.339492497	37.98778321	222.5497223	44.49047411	39.00400486	0.206885164
4864.617091	0.342545413	31.25097737	205.3336279	42.6011734	51.84916023	0.23093854
4995.265281	0.362779648	36.8025622	219.4848963	39.17161789	51.69901092	0.242554968
5434.824376	0.38096744	34.50022014	239.2015934	44.55436839	55.35846276	0.208002337
5049.982663	0.332173435	35.99105748	225.9499937	37.483291	46.86743883	0.180945471
4720.730249	0.330335221	37.87724288	222.5789934	37.61465336	50.82399554	0.19504531
5269.343877	0.393227274	32.64287403	231.3973334	39.70613155	50.40357141	0.225483419
4997.584069	0.391802031	34.09307489	209.9716595	42.21486377	39.80512392	0.213742057
5172.107769	0.347861622	35.18691122	208.3622726	39.4651899	37.93900046	0.192812934
5066.906308	0.356330504	36.23801746	222.220356	37.80196667	48.61425284	0.202390321
5305.879654	0.368445084	31.32929178	217.8161345	44.14226268	55.63733187	0.194426913
5435.817761	0.371433704	34.9389821	243.5460454	43.3388715	43.2229448	0.167374493
4800.260728	0.378888948	37.32323106	239.6699368	39.72965334	40.70459048	0.21044344
4991.594356	0.365045999	36.28964991	233.9331084	43.9214186	54.91934906	0.184255073
4829.022513	0.3630608	33.44252204	210.8424531	40.1083488	43.15019257	0.225087161
5308.425259	0.329210412	32.06748602	233.7412434	37.69053954	51.30271351	0.183870091
5381.312719	0.345725243	31.60716593	246.3914139	42.77888056	37.97156652	0.169080359
5426.161485	0.378829781	36.59041542	226.1429576	44.89902596	43.66008063	0.171300375
5472.178766	0.365817926	37.06753987	233.8166835	37.79142293	53.96323387	0.174774569
4568.422886	0.344074818	33.19557649	227.2272963	43.98629629	43.04438347	0.17927478
4580.094229	0.348709642	31.56721437	215.3524134	41.20692981	52.40566027	0.195681672
4595.598524	0.356120906	34.64102318	244.9802164	42.69907292	40.46387085	0.225317997
5237.470924	0.364307112	36.2579247	211.5714478	40.17109227	47.56126803	0.244724544
4669.695949	0.341829929	31.30107704	246.3199858	41.88386374	43.24499411	0.1806507
5496.699888	0.324289161	36.76969328	208.9645732	39.50537769	40.06155808	0.166955936
4806.638531	0.359272509	36.38495293	215.4837742	43.19912561	49.99652888	0.200533527
5403.033604	0.373429107	33.78644664	221.3471598	38.0152679	54.64564163	0.220232875
4509.068806	0.364215206	35.37140665	217.0783095	38.06204444	51.47957018	0.1682324
5247.3196	0.357883664	33.2887206	225.0591181	44.3523183	37.88252561	0.185970459
5006.530864	0.379062751	37.03852875	225.3058688	41.75670074	45.15648353	0.223104089
4917.654446	0.380509585	33.75592834	240.9428329	40.56056337	43.83283864	0.232859902
4906.407619	0.378747567	31.73004141	234.1356703	44.48068657	55.20941806	0.21052075
5317.819981	0.339774095	34.75890707	240.1692367	38.38236608	43.36422166	0.242844802
5003.718359	0.382948839	32.89615426	224.3397925	43.32777139	40.03931642	0.212842938
4884.968649	0.328415903	32.45687534	220.1087505	38.28439666	46.56724886	0.176915922
4925.531334	0.338604462	33.41694331	226.890811	39.75246845	55.94368019	0.219240292
5035.325146	0.383282764	35.87348603	241.0272993	41.10790437	40.60531764	0.181812967
5101.105629	0.385403631	33.19758408	214.9849795	38.85225631	49.55664665	0.167852571
4641.610959	0.329844709	35.61860215	235.2045047	38.56352705	46.69467786	0.214683045
5288.778802	0.393633325	36.77479647	243.3006565	38.21610848	46.25074557	0.20388584
5256.423453	0.326295352	36.58640677	232.4121542	44.53369114	47.34453454	0.210164793
4755.090823	0.382179174	34.89462467	242.9756901	42.14683439	56.32534118	0.204875791
5366.266471	0.349681444	34.87070298	243.8063671	42.28837483	38.19585756	0.174956174
5139.153657	0.331756832	35.347441	214.5145025	38.87226248	43.87842463	0.16449292
4951.281005	0.393871476	37.4427159	240.3419671	44.50743773	53.29290609	0.172755021
4889.440085	0.326835348	34.10139322	209.2257686	42.37652408	40.65945098	0.240156808
5031.527143	0.353014535	33.54899979	218.6057215	38.66805825	41.51368268	0.198047822
5345.457424	0.391204728	37.78221768	231.5423903	42.13705742	41.4230817	0.20347458
5344.875372	0.379687693	32.64245393	224.8471357	40.98723074	48.40200341	0.22773553
4849.518052	0.32869129	35.40111388	212.6952144	39.27514242	38.36064697	0.207056448
4848.943623	0.338135474	35.8519672	238.5830628	41.044479	55.66367403	0.20608405
5086.637709	0.339358612	34.74558248	234.1928162	41.63639846	39.30733035	0.180357769
4979.957694	0.328960404	32.39524797	230.8798493	40.02883162	38.69649029	0.179376254
5386.240707	0.338777786	35.85845061	237.3121016	42.05637919	53.45707967	0.223928799
5057.676122	0.354694369	36.34593193	230.8345408	39.91263841	54.17547043	0.168133878
5208.289065	0.327269439	34.59851924	207.958947	40.74268321	48.08279026	0.196914978
4993.671808	0.371138977	33.38118822	207.689924	39.49163947	56.08292648	0.20589812
4785.69514	0.350146342	32.70452067	236.7984689	37.18811971	48.03436645	0.191989478
5146.067993	0.366038735	37.92776234	211.1895308	39.84225647	54.74795204	0.202468968
4704.25479	0.347405987	33.91977166	222.3578954	43.28096306	51.42219759	0.227935026
5115.22404	0.374865245	32.20661782	204.8559672	39.96461756	46.82044378	0.219015667
4820.667833	0.382826188	36.64901997	245.0491093	43.02069459	37.61004919	0.177815977
4688.844392	0.35566223	33.36789511	232.6045875	42.58062514	50.92901933	0.172897467
5225.344462	0.384458403	36.90165278	210.556268	37.37281299	51.46908613	0.178678379
4542.78052	0.325167445	38.0335613	216.8869289	38.93345904	46.47322508	0.169427454
4982.675332	0.348888953	31.87189546	235.9307321	37.09748661	54.67141027	0.21785593
5185.006715	0.344632125	36.96373577	208.9289623	44.99615778	55.96077323	0.171184088
4905.60217	0.395845249	32.68224951	218.7953626	39.40290165	42.56245518	0.192928981
4921.386771	0.367744217	36.93510885	208.5729874	37.17130471	49.37387455	0.191210708
4594.915991	0.369784928	37.3146698	234.9198405	44.82799416	38.21944886	0.218012363
4811.001151	0.355062205	31.41382642	222.6544092	43.52215766	38.350162	0.191722678
5338.462449	0.346561785	34.626497	221.3939228	45.00604222	40.01005939	0.181040104
4842.424349	0.338291207	36.69414533	225.6459818	39.25477689	44.11859829	0.227561052
5458.460916	0.387378429	32.73729191	202.8884016	41.4594172	49.72928739	0.232106733
5416.77016	0.3257949	34.69417453	241.4189047	39.47318898	40.27157665	0.201193125
4933.322472	0.369969606	31.53040532	203.8509446	38.26696641	46.87430532	0.23550532
5360.784739	0.393282289	35.97449072	219.5584569	41.18302007	41.19735679	0.181952656
5331.471357	0.330367048	32.58511944	218.3569521	37.32262256	51.14350049	0.213824412
5314.035763	0.360914582	34.11183961	213.1717137	44.57722731	49.95693765	0.164710823
4756.175874	0.383500968	36.04052745	224.5515344	41.20402009	53.47310154	0.193308585
5389.721758	0.353749092	32.72878446	216.4402012	40.22024363	37.68870366	0.178817627
5304.473486	0.38389365	35.41775408	219.749726	38.97719694	39.87375936	0.188966597
4764.152721	0.361122062	34.01320211	215.3167864	43.25307695	55.40525043	0.227993529
5219.341125	0.335330898	35.60892625	237.6078129	38.84323989	37.73685525	0.236897068
4613.607389	0.356919962	34.91988533	244.6504253	42.90892302	50.15080779	0.184539791
5294.191745	0.331647768	32.66223797	246.954402	38.88092757	47.29757457	0.187215616
5271.738427	0.372565601	36.55469887	214.414072	37.37644964	48.53750447	0.217288363
5026.24285	0.349303206	33.95674776	210.2053332	43.2651286	53.32727609	0.188546042
4804.917424	0.358469374	37.64345505	217.3661525	44.85748339	48.203882	0.201909943
4644.269062	0.332573072	33.32140882	235.5913424	40.98209978	56.16818419	0.244554957
5354.7655	0.389653008	34.06853486	203.5470349	41.25245217	39.40196098	0.24238133
4701.188662	0.330528951	34.18050245	203.9551786	38.80645759	42.00043073	0.195531578
4623.287498	0.357921839	31.73545914	205.5189132	37.56709645	44.76958239	0.178270063
4885.091113	0.393613805	34.0172596	243.8303202	41.05844467	47.88845136	0.209940365
4670.576209	0.392558388	37.51437325	220.3854599	36.98171406	39.71373281	0.203173342
5008.683363	0.374155728	32.9007697	221.8063066	37.93366697	53.64215413	0.177401455
5149.546593	0.365007099	34.23738412	210.3136696	39.98114056	40.43817187	0.243561439
5411.425729	0.356699687	33.27662618	234.3626756	42.17139502	48.76964274	0.169263532
4836.644443	0.376704407	32.67701034	213.8026138	39.60328514	50.2564878	0.204197587
5263.647618	0.325351547	33.5041728	245.5058106	37.91475188	48.4643958	0.166828581
5249.679017	0.341407065	37.94278548	242.8449555	37.11527706	45.37608807	0.233128706
4941.635787	0.386310317	35.57751642	241.8302716	44.66637285	49.88388545	0.171820555
4640.945174	0.345244091	33.48174605	218.7129638	38.12649026	41.66749448	0.183463247
5088.208935	0.324834174	34.87836091	237.2119475	37.07166303	43.51535557	0.235936526
4700.709282	0.337116539	36.68294487	212.7665922	44.64316334	46.44978212	0.184767681
4900.236231	0.36480446	33.84381927	236.523354	38.62174362	40.94135598	0.17775505
4760.119396	0.336134469	34.11962207	220.6107334	38.32583913	39.2536137	0.164830798
5095.607304	0.385146221	35.68764454	233.5216677	42.5308865	46.17366394	0.238275853
4967.450138	0.341562028	32.1967882	228.0521051	39.58169662	50.97477799	0.222326961
5155.458725	0.34896659	34.23249947	203.6491891	40.78176116	42.48816953	0.190760113
4970.661945	0.370791866	34.31103963	222.7867882	41.06804082	43.32843154	0.241380066
4634.770286	0.363532953	35.94251014	218.2257171	40.15983022	52.59828078	0.196721195
5176.350218	0.383341214	34.76895765	232.8756315	39.01450269	44.942619	0.222857316
4586.66201	0.355301069	37.12357124	232.4702242	42.26195102	48.69243795	0.222686587
4860.416159	0.342050163	31.87356826	216.1874802	44.93250065	38.0889422	0.185232034
4882.841929	0.362647943	31.6959185	208.7714672	44.95143041	53.80539261	0.241741086
4975.832917	0.346428137	36.09988944	206.4923195	40.77147848	50.66979097	0.242284372
4912.256441	0.353046636	31.2142507	221.7221741	41.64219532	53.42627876	0.224657507
4959.613461	0.390428009	33.6824772	215.5175447	37.29225515	47.06318587	0.229177415
5264.582249	0.339253616	35.03421307	229.7090222	40.93146407	56.22067156	0.237763412
4954.540739	0.335928297	34.82564919	205.9329242	36.83872596	47.84806885	0.204495077
4787.869941	0.343693699	37.60516905	244.0944869	41.03992669	46.54468772	0.239280011
5450.264779	0.371829515	31.46990026	231.9819938	40.5958467	44.67732474	0.235894222
5028.318074	0.327794686	35.55807511	219.0324448	41.19104865	37.86878553	0.201365432
5190.119215	0.376515476	35.36303562	241.510308	41.73822436	37.98273793	0.171041703
4579.939829	0.333832873	37.93278521	216.2649495	41.80811337	48.6634698	0.225363137
5465.645552	0.377991926	31.71150583	242.0277126	41.32517158	46.40650703	0.176096517
5180.479463	0.384108692	31.685229	203.0253956	38.09917998	46.67473786	0.219305224
4539.639317	0.367984713	37.84369152	235.4063496	40.34055047	55.04029125	0.216740719
5285.544716	0.326659608	36.35723202	229.3177494	43.49683792	46.28572917	0.172433487
4903.647311	0.344218711	32.76805448	212.6081107	38.70432823	54.14548501	0.223535807
5105.543886	0.340416098	31.95914579	227.0793127	44.68904856	50.95665978	0.194628935
5229.721047	0.393120223	33.14375095	236.7499345	41.55468119	50.64301768	0.238311082
5060.522495	0.359142298	31.71496005	238.0304632	42.0900113	42.03335516	0.234348068
4984.993705	0.339714772	32.10646609	210.612345	37.04299021	54.5694701	0.179050383
4556.218677	0.388729642	37.02600511	240.4832024	42.50987063	38.65965967	0.218620092
5279.105798	0.379902534	32.71182456	237.8771302	44.04882496	56.26628496	0.197936281
4547.109697	0.353112557	36.49350481	215.9122284	44.87743292	47.51231742	0.181961505
5357.063591	0.387542977	33.70157203	243.2106398	38.7461511	44.23764304	0.216245647
5460.40458	0.365610684	33.60642442	239.615179	38.33586734	40.80967044	0.218465835
4873.448373	0.353397492	35.63467631	222.6963314	42.96334985	45.60441579	0.180135752
5326.365816	0.340368342	34.71945196	227.7119274	41.49501843	39.92928852	0.164603324
5287.763505	0.377197883	33.88228075	223.9153155	43.8577408	51.22561632	0.243952077
5474.627896	0.341664514	37.95030824	214.0473594	37.50316017	51.60500141	0.18407637
5289.77198	0.376785945	31.93487988	220.320648	38.54195689	40.74967178	0.244881782
5325.932854	0.337212562	35.04751525	234.0604813	42.38958281	39.68604388	0.222776662
5085.972741	0.347389679	34.60559928	244.5990149	41.02322511	52.75238994	0.185884132
5481.192028	0.349875671	32.53321097	236.4132493	42.38335643	40.16661548	0.200955474
4751.138874	0.35702609	35.21311104	220.4301032	37.00707233	47.82429277	0.17987071
4736.696266	0.395109209	36.13000481	243.1264998	38.94078126	38.4252829	0.220489709
5488.09382	0.353624428	35.82727828	219.8315173	40.52789782	55.3083071	0.186722158
4856.525404	0.3899141	33.67080336	224.9538673	40.01413869	55.31820363	0.189673457
5383.530344	0.331340379	37.83301334	204.6975192	39.19814657	39.60707224	0.184174808
5067.86114	0.372966012	32.61578238	225.8703046	42.9199956	44.04724936	0.244386582
4781.484853	0.375140148	36.95305413	219.8077308	42.74442264	39.45764117	0.175575617
4664.393456	0.369032185	32.99481388	237.163669	42.8437066	47.69429137	0.173593842
4584.671431	0.345642305	33.90810258	241.7440148	37.30262303	38.0596028	0.21569407
5221.741258	0.38151919	37.76729224	233.4384687	41.42468238	43.63167706	0.171605855
4662.520052	0.326913775	36.65690786	209.5121381	37.02128276	40.87097029	0.178160852
5042.347713	0.352255494	35.82198207	203.9293767	42.7462423	53.26734922	0.168819193
5484.149997	0.376613725	31.51304309	241.2876438	37.7039253	43.07401042	0.224918805
5069.586092	0.33756969	36.06069408	239.0550096	40.4418291	49.00827551	0.224787476
4881.262145	0.38158998	32.87937447	212.3275382	41.57496537	41.72823668	0.176726787
4985.044454	0.358305589	31.84179966	225.4567686	43.83114319	44.5364783	0.170319976
5179.754933	0.394307864	37.29882063	224.6100167	39.53047169	42.74159563	0.19209215
4913.242785	0.382787095	35.42845456	228.3549155	43.41820845	44.97436623	0.229480484
5454.442402	0.334384522	38.02547522	230.1547632	37.46601313	41.84275061	0.179796815
4628.687796	0.32523016	36.22697017	247.1922189	37.68062459	41.01999245	0.227517036
4816.359228	0.376348852	38.12124349	224.060269	43.03800657	54.45640101	0.195852902
5275.73634	0.349839964	33.39589179	204.9029348	38.57151971	45.29526298	0.191401329
5261.394707	0.330424788	37.35506723	203.7074122	40.07139416	47.10322162	0.174558724
4961.683416	0.385550035	34.59268439	214.0733251	41.43532268	41.31126016	0.226810631
4771.704047	0.346083245	35.43983522	235.2375354	44.27762505	46.15557806	0.222395738
4757.442305	0.327014843	37.72268539	236.8856842	41.85397343	46.03352884	0.180631872
4857.019578	0.348475536	33.04896943	228.6839083	40.00017878	42.18492549	0.178012253
4915.330858	0.364834058	37.5751585	216.6644991	37.90538556	41.03200219	0.169827777
5147.424309	0.374932361	33.80272561	244.7803959	38.30009229	56.01083006	0.175519185
4879.27027	0.376342601	37.25542184	230.6875306	44.37280774	42.63646376	0.224002578
5216.197054	0.382006425	31.94122805	205.8520562	41.89433121	45.26653296	0.225806166
4515.821721	0.375328542	35.39023912	239.9349107	39.65769586	48.48098527	0.235488932
4943.429921	0.356506721	36.65269079	217.5257272	40.79608527	41.5404606	0.238581745
5143.887771	0.385417015	34.15651375	245.6324275	40.30195842	46.57807576	0.165111988
4840.391183	0.386972847	34.51913878	234.9688152	43.12211059	43.6968345	0.225200415
4538.769114	0.349216639	34.94814784	237.6859365	38.20365446	54.09789596	0.241207162
5170.396792	0.341749975	32.92458612	221.2910369	37.15699857	50.4402464	0.21631773
5091.808514	0.340900199	33.0413164	243.7099103	43.8071375	44.30188816	0.204404415
4783.755077	0.360619734	31.54336211	217.1547628	39.07374918	52.52127375	0.238688386
5365.377396	0.336426362	33.88692592	240.5461346	38.92987251	45.01622432	0.194900578
4989.216019	0.346207207	36.87176959	227.4398895	38.95705097	50.19123459	0.215088716
5284.790407	0.33143358	35.34218525	205.6771165	43.32391017	49.27877474	0.209666798
5122.949304	0.349446885	34.38250575	239.8132917	40.12737871	38.16867155	0.223375784
4746.327565	0.366408733	33.18196396	211.8688879	41.45063771	40.40303937	0.216057774
5116.671264	0.387331835	32.42601755	211.4487896	44.27171928	37.707323	0.21201282
5421.438645	0.366260974	34.38802749	226.1756542	41.2879622	48.12528802	0.207215342
5422.833501	0.371166872	32.77974062	228.5390511	39.07921785	54.96723384	0.243878593
4583.768854	0.360362563	36.79396955	213.1396793	41.35321049	41.71236544	0.24424464
4585.167254	0.358047809	32.84915473	204.3275672	37.43655753	46.00556502	0.218835187
5204.86198	0.36282578	37.18310008	202.6681867	38.59629176	49.81099245	0.221977036
5201.989872	0.380088642	31.43739194	208.8136476	37.5315452	49.40351669	0.177052446
4971.514423	0.360490674	37.58804961	213.4819335	38.32280312	40.00345993	0.20592106
4710.884281	0.350074116	32.25107496	223.0125978	38.06722633	40.33310165	0.243106631
5236.588026	0.33299135	36.69979711	245.1316189	39.94280127	44.44831539	0.168901188
4697.154752	0.380310867	38.04307225	244.5597603	43.62356057	38.37315571	0.225958329
4978.199863	0.325681384	32.87829841	246.2803074	40.83994106	51.39339743	0.190475581
4684.406955	0.345138726	33.79160358	238.2873345	39.30806169	41.65243647	0.235131227
4932.748706	0.337722133	36.07515369	203.6249054	38.08959163	39.96895932	0.217708682
5253.825584	0.328368073	37.71110521	203.7975459	44.14755176	56.3514214	0.189031317
5054.789963	0.351406658	36.40481784	237.1406105	43.60334385	40.61625542	0.241710635
4793.318524	0.333679203	31.75813305	244.5145476	43.28878636	39.17514598	0.182990933
4899.534064	0.381826063	34.79223768	237.0394653	41.16255551	38.16080395	0.228146905
5349.089951	0.373806139	32.06334795	230.4174007	42.76457381	54.9822846	0.184604895
5127.111706	0.382265409	36.14443921	203.2120004	36.99853161	39.53907099	0.197758069
5319.136293	0.377326833	37.68789011	239.7867901	38.36467954	38.77675429	0.239588525
4778.678652	0.367333731	35.83795648	206.6751739	44.07186778	51.71365242	0.187130252
4817.495177	0.333726075	33.14885672	218.4744454	43.53145434	44.43245355	0.232254289
5022.18971	0.39347799	32.23830608	237.9954714	42.40670804	51.72276289	0.170626111
4946.495006	0.361514265	33.91604759	225.3533814	40.73485885	48.24578922	0.221724583
5161.147608	0.362940149	37.62172211	214.5368526	44.06353817	48.37227185	0.175397486
5468.054974	0.380580171	33.13387293	227.559319	38.51082527	39.28223822	0.205034897
4581.850713	0.35395559	36.62379372	225.1050231	40.54862318	47.9367617	0.216433519
4505.56056	0.360831304	33.4609502	212.2292393	41.65583676	42.08574088	0.181247753
5431.929609	0.335803908	33.20492681	227.8572461	39.91832858	42.07097542	0.232015283
5379.696667	0.326471146	33.22367494	233.8214044	42.58532407	55.55316429	0.239093138
5051.582791	0.363658066	36.91089944	214.2372408	41.26026405	45.65862711	0.214983967
4839.815397	0.334483301	37.16788258	217.7668916	38.35007752	40.84539977	0.225909376
5437.879014	0.379136853	32.97291703	223.3654875	44.54157196	48.27175539	0.226008652
5398.988912	0.345945541	36.39872178	231.6057239	38.48402177	49.3135681	0.190352784
4901.000522	0.355755569	31.25663078	230.565683	44.67631584	42.3740381	0.220720111
4892.865439	0.35958839	34.54496675	226.0192842	38.79209461	47.75009587	0.224283407
5141.612566	0.367175049	34.8142347	206.2456804	44.89657415	45.77226335	0.211504565
5310.98995	0.373643255	34.91288558	205.4914832	37.88980509	40.36943564	0.228928339
4565.52768	0.358558045	36.28819398	208.5271389	42.6358962	55.78605866	0.214201954
4537.479523	0.368765891	37.80907371	238.6908497	39.54290584	51.23143311	0.233644928
4953.801348	0.355720885	31.37145326	212.9944101	39.94967154	55.37577293	0.238411884
5417.227843	0.326037525	36.5942098	223.7972612	44.18868659	54.71944501	0.208636891
4651.498094	0.35908244	36.73374384	211.4899118	40.83175922	54.77807061	0.16523603
4666.900852	0.376983833	35.89274467	234.4649135	37.57995926	38.42720139	0.193479426
4908.574661	0.34066417	37.073687	244.2871384	43.5547739	52.77479161	0.164760484
5160.845178	0.336370751	33.94482409	239.8582807	36.96671025	39.58270987	0.211770546
4713.73864	0.38679108	32.36785153	222.0339356	38.89942313	44.35600282	0.170480256
5490.585987	0.381661891	32.95938018	218.3989012	39.79926647	54.50029883	0.241130325
4614.246735	0.386425989	34.674227	215.5603895	41.91978792	51.77392524	0.171906736
5371.666416	0.369424739	37.99938223	211.7659134	39.99134085	52.47001169	0.186520914
4683.083483	0.387928795	37.14511841	217.4371598	40.57684282	39.01388292	0.167305102
5406.62596	0.381781736	34.02879496	202.6814345	39.70885103	43.91980237	0.167139844
5084.660945	0.348560654	36.2702327	244.8267141	43.87517431	52.9139491	0.229061302
4559.729752	0.370164801	35.68161432	239.3119718	38.96899525	43.94674688	0.221609122
4530.890752	0.37524284	36.49776855	225.9191206	38.252475	44.71953388	0.180410042
4636.982303	0.324563858	37.98711635	204.3684712	37.63541789	38.39534929	0.211816695
4876.769029	0.386570508	31.61985017	219.9078153	42.42238451	49.84620441	0.215596761
4500.581446	0.328806564	32.33836619	240.4631263	37.99073227	53.58633345	0.218210768
5370.928313	0.377636912	33.9787	205.2564842	42.648801	43.46802507	0.223293629
5197.58009	0.391560687	36.74311305	245.4707111	38.77048218	48.9756344	0.182629463
5361.016983	0.380781954	33.2550783	215.1345285	38.13029323	38.30592013	0.230066047
4523.12086	0.373488696	31.55275543	212.1103199	39.76392332	51.53677339	0.245798402
5150.862711	0.395511586	37.54257519	243.0853719	37.24903144	37.73146365	0.177162755
5334.484297	0.331112606	35.25097876	243.6465636	43.96459213	41.69320303	0.213277229
5041.844856	0.367828062	32.80592863	210.0301979	42.7587951	56.39195551	0.166922275
5093.209405	0.358652076	35.77213657	241.1378485	40.80444874	39.47468387	0.202926922
4786.552291	0.348161935	38.03697721	238.7739103	40.2664243	52.15075931	0.176580804
4656.629883	0.368166312	37.47855454	204.4518974	43.75830003	54.34002742	0.167874365
4761.031991	0.362238629	34.85366241	227.7534321	44.0810934	41.41476466	0.237712751
5119.614713	0.32896973	38.09901898	245.6014737	41.50944757	45.79486945	0.206541775
5233.362411	0.383075362	33.70962267	244.9225462	38.83742344	51.4149023	0.212360454
4718.049533	0.392276035	37.20092782	223.5453603	39.14353885	47.64010161	0.230097064
4504.48957	0.394152463	37.08916244	219.9561292	38.38925618	56.03075447	0.182770346
4798.19251	0.325892689	36.4287163	244.3869432	41.34069649	46.14076017	0.230719762
4981.123084	0.368940305	36.42244399	236.5896926	38.59343456	50.09502756	0.166045732
4861.205494	0.357652747	34.29570516	217.2156994	40.32650714	44.48336026	0.22923471
4685.146515	0.383162231	33.59616525	222.4842609	40.86632258	38.13343206	0.199941036
4528.189072	0.387806665	35.21701844	215.7081641	37.65411228	41.2634579	0.170813258
4974.042652	0.377687976	31.90642323	214.8278617	39.45980072	48.67790514	0.242098566
5297.635198	0.358159901	35.26919581	217.1179378	40.45174106	45.8913547	0.181578138
4575.281867	0.389047197	35.01168873	207.8070756	43.46288998	41.13438964	0.183175907
4679.538597	0.350292617	35.52931739	226.6638036	44.37481149	38.88977668	0.196306682
4827.695163	0.344389911	36.82004017	214.3067637	36.88277485	48.80939087	0.210252416
4801.499116	0.365300382	34.98331614	223.2144405	43.37842162	48.38063807	0.241601285
4709.535801	0.337411369	32.7823116	206.7202462	41.06017365	48.49901976	0.237061923
4796.445183	0.354784297	34.9684476	234.23455	44.20702916	47.08569019	0.192570031
4768.123932	0.365468024	33.79565217	243.0431618	41.46421561	45.44784078	0.187319213
4940.490357	0.341115442	34.57389468	219.7318605	38.11341155	48.62814659	0.206320576
4945.852998	0.373728904	37.9037851	238.2464578	42.18462063	51.79740278	0.238914348
5111.873927	0.377781075	36.51380355	217.9505211	39.22848619	49.51560518	0.186561998
5215.270294	0.353287824	32.04686565	234.8861707	44.88805244	49.3653983	0.239470879
5100.208461	0.382435756	32.98889884	216.7072472	39.61881778	50.35556003	0.204666781
4612.56498	0.373388256	32.55215198	245.6910155	39.28485796	51.07499495	0.18668943
4826.640312	0.327028294	33.35926778	231.7317152	36.94159887	40.5780022	0.227651921
4847.417029	0.357571347	31.99991424	231.4393729	40.68444852	41.88124271	0.177672854
4711.205976	0.353879041	34.48522251	236.6351779	43.84428797	38.48649536	0.230364784
4571.947933	0.370639599	31.36391429	218.476939	41.970367	37.85397058	0.217740337
5211.082071	0.343546226	36.70883944	246.9040934	41.36848383	38.81575907	0.210780409
5268.105709	0.344785025	35.17771499	245.3696841	43.67449776	38.78726842	0.189928451
5039.142041	0.348366019	31.34021249	236.5019757	38.52874354	43.52317869	0.166483581
4986.16646	0.386523371	36.19108872	220.6902148	42.47566529	51.55593776	0.217569993
4578.620959	0.333951355	35.16564045	242.3121171	42.86118045	50.31718375	0.206921247
5456.57371	0.384867572	38.11280559	228.2276026	39.45203184	51.05624379	0.238085205
4554.052078	0.372242136	37.11979166	216.1504898	43.21204266	39.25685403	0.205404417
5396.931201	0.375010007	31.76872793	232.2914738	41.9981844	42.33574842	0.169644571
4737.728662	0.380904003	31.30499062	221.9329627	44.6159222	46.42134236	0.195593778
5117.737842	0.329398261	33.96349817	245.7796635	39.19152647	51.01151675	0.203110562
5392.063405	0.351039992	37.01445619	237.0829341	44.38314631	49.97834781	0.23269329
5445.860441	0.371076934	31.21746583	208.3368133	42.49736723	48.1650865	0.231064914
4926.934405	0.367373381	35.93305696	208.4756028	43.86425161	50.8385279	0.231282906
4601.984398	0.341961265	33.5284401	219.2998801	40.85355665	41.6021868	0.227308327
5102.858939	0.381371494	32.96565066	225.7611154	43.74699292	45.97636364	0.182528721
4671.785559	0.363743367	36.21021646	237.8059517	40.38139036	42.96404405	0.207679121
4916.513377	0.348229724	37.64962051	242.6079559	40.13681601	42.5801171	0.209105368
4837.177602	0.350994631	34.21524175	246.5670089	40.89807308	54.6241917	0.243292289
4909.398589	0.34507721	33.40826682	245.830058	42.33944938	46.91470232	0.205188177
5083.133931	0.361840855	35.47542241	241.9364746	38.45957766	52.12878993	0.227217893
5167.03089	0.355173752	32.40594559	203.3167507	42.98748791	45.48398338	0.19763422
5321.939142	0.347747364	37.54558493	242.9525847	41.77881936	52.73345486	0.219350074
4608.301306	0.335013092	32.47919835	211.0792876	39.38375602	44.66044373	0.187606033
5274.295534	0.387694537	34.19246609	214.1541997	43.5572498	48.51847261	0.199329744
4929.332936	0.375939329	31.83482087	238.1037225	42.35155227	56.18718628	0.230529586
5040.467068	0.391282313	36.82341054	202.5822934	40.32196416	50.55705775	0.223130063
5009.648198	0.383825656	36.34270405	243.3822211	37.19881656	43.01129091	0.172087506
5192.025228	0.333361069	37.56473409	233.306585	37.38513787	44.15867078	0.220284834
4682.842207	0.358355282	32.27143898	228.4220201	44.45369471	48.09118059	0.1997461
5230.559033	0.354993953	35.0831103	242.8904006	37.51652602	44.41714683	0.19966021
5290.8541	0.362991095	34.66676423	211.7985095	43.37079277	44.80553767	0.173890765
4650.347879	0.352804298	38.00484486	217.7324145	43.47701034	52.27803809	0.195397303
4843.446027	0.324263378	31.53997356	234.0026831	40.40935934	45.73077199	0.229945142
4690.054239	0.394408054	35.77870867	204.9981823	38.49039154	43.06689666	0.17894518
5364.177108	0.382327894	33.12029502	238.9523938	42.17705458	48.1754599	0.243376338
4753.662808	0.34375952	34.08641178	211.6279634	43.52359332	47.25563322	0.184999417
5061.330829	0.337340177	35.02676553	236.0967603	37.94196791	53.09533657	0.237848857
4831.898486	0.372094938	34.31960109	237.9460958	39.73692974	53.00404356	0.167714544
5118.118155	0.345859831	34.11513452	238.8891252	43.79480268	45.91518815	0.211213586
4588.988418	0.36664227	35.56549264	214.3630548	39.57736657	55.6264104	0.226290676
4910.539982	0.370953548	35.51657058	212.0829236	44.85254821	39.64870536	0.199028723
4743.706917	0.36385524	32.28159276	235.5379625	38.89401227	56.29892409	0.173043234
4845.999492	0.332699602	35.9369726	223.0413707	41.26625349	50.90837485	0.21534314
4744.287849	0.383964264	32.71906675	221.4379082	41.62766719	52.43284097	0.240634207
4863.414523	0.386700001	37.89641619	226.1023634	37.06353096	47.48216321	0.164995829
4526.46484	0.352742668	32.85930986	223.3243082	40.00477356	55.85101779	0.176452196
5168.763957	0.328503198	34.2180494	234.7280945	38.36677574	44.22521164	0.208528493
5178.818204	0.343934996	36.26573484	232.456123	42.48894424	52.17906845	0.194327727
4511.100222	0.324440712	31.92397096	230.3511491	40.09836855	38.01480118	0.22879909
4599.178117	0.356101657	31.4631392	236.0323196	39.56484156	45.56749506	0.165537905
5120.359635	0.339112784	33.86201373	236.8542643	44.65939048	40.52060013	0.214106624
5341.056705	0.327399686	32.94048533	212.4918833	44.77038525	47.63636632	0.202762027
5077.521886	0.339557542	31.67501699	247.1501586	42.71161036	48.33464598	0.228713098
4782.335849	0.339010143	37.23039475	234.8399768	43.08464269	48.56950529	0.191879557
5248.175669	0.391164122	34.19664511	223.9592105	40.06827109	45.70949965	0.231446369
4609.208947	0.350889796	35.57242565	213.5855128	39.29714268	39.14262218	0.205618128
4655.905154	0.327629791	35.76010137	220.8612263	42.61158895	55.43958465	0.188868264
4693.675391	0.367452198	36.24109124	219.2807377	38.30115759	47.03205341	0.183055017
4919.468468	0.393777032	35.05187414	207.6061978	44.98368515	52.44143597	0.205123996
5497.912132	0.377793525	34.88798354	213.7009709	43.02666775	46.32260045	0.193890264
4514.104012	0.352718674	37.36530773	209.7597591	40.72872462	39.41840783	0.232590453
4924.745546	0.390283412	33.83671953	235.5160997	43.4123843	38.8343479	0.198616642
5323.736267	0.389395102	36.7246245	221.0857852	41.97750373	49.05887771	0.21682564
4734.561861	0.356606266	36.33404708	213.9080556	39.54960643	43.78288866	0.200378904
5407.184194	0.330988184	35.2225482	215.0249316	43.81601274	40.28953127	0.178891703
4675.597211	0.352328958	33.62179968	226.2751251	41.07553642	39.43246378	0.213870952
5444.299937	0.343995999	33.17418094	231.1629006	39.23511969	42.43744711	0.226391151
5413.134123	0.364416408	34.86493036	229.5787727	37.42359118	44.82286023	0.168471273
4534.212602	0.363268888	32.86663496	234.4200266	39.85624684	53.50763973	0.241323912
5492.894942	0.336493943	36.97266982	205.9934775	42.96716731	45.3437467	0.22658941
5428.071453	0.347032385	37.63879066	233.1186996	44.41719024	38.95492838	0.221559825
5157.242487	0.386048042	37.82293803	245.4109425	41.18110847	53.69201769	0.171675824
5479.053754	0.375700994	33.26259388	240.0731775	44.47688225	54.66475793	0.235813672
5092.441722	0.328196072	33.92771881	207.0727132	43.89910611	53.03502578	0.165809206
5480.013283	0.345195315	34.65155261	213.396776	38.67194845	54.29449175	0.215052475
4759.897191	0.331982256	36.6157632	243.3527222	38.15538565	38.74404188	0.23188778
5257.196658	0.381414237	37.86190515	247.4426774	41.79794243	53.70158501	0.188067803
4659.093371	0.369593271	32.03477976	247.2798981	43.8173546	40.19133031	0.231119692
4582.307367	0.328003031	31.80747894	241.3422608	38.99537396	42.79294775	0.172019483
5186.456058	0.392794517	37.11242785	233.6983655	37.18616685	47.59795206	0.213171718
5401.101669	0.329536695	34.39434539	241.3090612	42.52178195	41.60907329	0.183389971
5412.99539	0.370867299	33.01122249	221.8737786	42.26890912	37.82556753	0.2450617
5462.332093	0.385978888	33.24376897	207.5523794	40.18969703	46.94243248	0.240238929
4668.297347	0.343203041	32.11685032	222.967258	41.13377072	56.37281438	0.237514174
5276.062045	0.349973512	36.3787613	239.4806753	39.93288137	47.37435871	0.184345904
4805.298244	0.367120779	33.71646061	204.1323187	41.81228452	46.99314721	0.216091983
5467.046351	0.385060697	31.39859801	220.6627062	39.61057068	45.3602658	0.196547838
5240.505428	0.344904186	37.61774166	240.6195698	38.81676927	54.1922637	0.190944331
5089.761426	0.357336312	32.17818313	227.1451483	43.72848515	42.88640512	0.225708216
5358.63107	0.393755623	31.20180169	244.1406328	42.56621517	52.29983747	0.243862856
5090.089892	0.383004535	33.56302655	243.2551273	38.3544428	39.0948793	0.174270962
5037.080862	0.340514364	33.57047712	216.4632886	37.87898013	43.22118075	0.181540776
4823.777241	0.342736318	32.50263288	246.6306193	38.60878776	54.50829378	0.191679684
4972.905135	0.374294508	34.7375752	207.1077198	40.87316281	49.57947491	0.174064572
5260.533772	0.383636843	31.57129934	213.2726318	41.7186997	53.386923	0.245154114
4963.109154	0.335812923	37.23880421	214.8393133	42.20967679	49.03629259	0.244125456
4573.825809	0.359646118	34.16315088	223.2776034	43.1797791	51.87141052	0.203029826
4618.338098	0.36194892	35.35413375	242.2268687	40.38868321	42.10990579	0.225124812
5442.293973	0.334757507	36.08418299	212.9816912	39.80723843	49.08103071	0.215748249
4605.746313	0.345968883	32.75766701	222.0081354	40.53672829	39.49767012	0.16860085
5044.010337	0.392431897	37.66011431	236.3036914	39.35296182	45.69184275	0.194009724
4629.048447	0.346528724	32.32682561	227.6371305	42.66189376	56.32133649	0.185612769
4923.667916	0.355417462	37.24932754	206.0639181	39.59669968	50.47433104	0.184867674
4767.603468	0.354896653	32.91955298	237.3484677	42.90209246	44.6191756	0.188488889
5343.526102	0.392224976	37.45982844	216.0383884	39.88934894	37.65477971	0.201737893
5243.729709	0.373239002	32.18212079	202.5193087	40.02750215	55.87902034	0.225638982
5498.707253	0.339289097	31.75480659	213.1166546	38.53227517	40.14110204	0.210596152
4600.781377	0.344523018	35.09707526	229.7867885	41.47344631	42.42137022	0.167659957
4555.287977	0.374050248	35.50437723	238.0814211	42.39481142	42.26696497	0.223282731
4928.692532	0.334661515	35.30699756	229.2114881	41.01200243	43.42803613	0.200221567
4813.55667	0.360053318	32.34629723	221.629539	37.77524409	41.29636845	0.220085512
5313.396521	0.36341687	31.32447689	207.8285578	42.82814874	48.94883108	0.169392496
5011.061591	0.394104114	32.44417396	225.5366119	43.93026484	42.78241432	0.232349058
4766.780176	0.334634346	35.19491104	232.2474998	40.39699318	54.47639293	0.198722637
5183.337584	0.337073138	32.81628302	233.0272821	40.19964266	52.63719221	0.233506346
5227.607866	0.361773266	31.72745462	207.9108288	43.15957796	51.90750151	0.206665185
5144.741254	0.347319199	33.74275978	240.4002514	43.64759719	41.22239857	0.221272359
4735.104813	0.387479689	32.16351342	209.6710704	39.00385743	44.05913739	0.234492552
5491.127888	0.35336703	35.1448178	204.8365846	44.02198266	41.39177604	0.193177427
4749.54954	0.378465661	36.7512471	241.2226124	39.33034752	40.21123665	0.19002016
4533.485229	0.384562176	34.40294358	219.5461457	44.16819831	38.46981701	0.229735878
4776.890476	0.337756906	36.27693539	228.3007622	42.50457687	47.65928883	0.242679443
5292.79896	0.391659425	34.3749951	227.3606407	44.69872258	52.38269571	0.190826911
4549.734341	0.386374175	35.28332574	237.5077993	38.04302815	48.29323657	0.175997016
5246.051332	0.360768324	38.08648804	230.5859843	40.36969873	40.48576879	0.173684618
5373.072885	0.335494974	37.67592875	242.7781638	41.09192245	54.26501622	0.176863391
4544.088527	0.361694236	31.67069561	217.6067737	37.83621549	45.66836603	0.180045674
5224.798351	0.369915488	34.84082089	238.6319266	43.83425244	40.97017378	0.214579804
5408.943008	0.394596346	36.52975979	235.6699005	37.86055836	49.26885697	0.244355578
4699.683716	0.346139136	32.41020477	220.7543264	41.14867936	47.61695278	0.23137371
5250.132083	0.342467844	33.90199446	205.3865728	44.94529575	52.99166379	0.226198099
5453.722725	0.34451539	36.94180299	240.8262283	41.15027552	53.89163893	0.164947592
5171.110353	0.374500028	32.09884401	241.5881526	43.57702338	53.37308837	0.217954969
4803.117493	0.340280434	31.88466151	218.6119676	39.037995	51.74627043	0.219647406
4714.640718	0.35166531	35.67216971	240.1559066	44.12115657	44.18927504	0.218763865
4643.328814	0.357313313	32.20240061	220.0493795	37.05048011	46.64795044	0.200448201
4535.653812	0.347532426	33.07178401	217.4596535	41.94828164	45.24511593	0.191061637
5315.749131	0.37821385	33.05256645	246.9755137	42.44923403	52.49725267	0.194113994
4851.583186	0.361599492	32.7636997	223.0671963	43.19395203	55.74763931	0.167489106
4893.740032	0.385614745	36.05097199	240.8501341	44.91783521	53.72298219	0.242892328
5076.234827	0.338730055	32.05561137	236.7261456	43.6189267	52.10967406	0.212172894
5405.734958	0.368885013	33.33564395	219.6720619	43.88485577	50.2518528	0.221906312
4902.970599	0.329076723	35.88484479	229.0163633	41.99183704	42.14533962	0.193218681
5494.86693	0.346643686	31.24395758	246.8094454	40.62529849	53.85447966	0.178441052
5446.086235	0.392086899	32.28616961	203.4927043	37.21333913	42.68444249	0.239147115
5210.366437	0.356237547	32.74593116	211.9923228	40.99635503	47.52928529	0.242614957
4834.369199	0.344973741	37.33268707	234.6791639	43.76204376	47.17317118	0.169146945
4890.685028	0.338622452	31.95480318	217.005029	42.86955911	38.00796656	0.203682029
5206.597942	0.39058747	34.42358345	229.2592972	44.31445331	41.99837623	0.21834607
5447.789364	0.34706805	36.00371166	214.897676	41.90506761	53.77994681	0.226675265
4790.367653	0.354871822	33.9954351	229.6138916	42.68900448	39.5155559	0.203268206
4617.206028	0.347988915	36.31112722	231.3620606	41.93616654	52.64406616	0.1864291
5181.086667	0.392911874	31.77042103	227.0146008	42.19583129	52.67165062	0.194525922
5414.771934	0.371945171	33.98779635	208.092713	43.43204434	51.1607231	0.200749794
5452.205675	0.392679097	32.50421098	232.5442173	40.08946695	45.45887727	0.231653691
4865.388272	0.373319985	34.3591266	204.7464983	42.03317437	41.80782068	0.172624004
4952.551779	0.352430226	33.54123793	208.6348802	39.6794636	54.22733417	0.172849914
5483.228953	0.377858655	33.87612198	217.7016048	40.56908714	45.93006768	0.232396907
4657.641941	0.344343217	36.07228114	224.8104436	39.96207792	54.61277958	0.2078564
4996.48448	0.332423828	37.09521955	210.3355945	43.24646716	45.8041466	0.200994449
4936.151846	0.374436793	37.66499132	229.8670824	41.74571366	55.13265311	0.213598182
4838.781932	0.390158893	32.60991759	210.8886749	44.43826225	41.34570892	0.217103083
5419.100606	0.374549056	34.24916015	230.25093	39.90334695	46.84308702	0.200260217
4660.294066	0.360359103	33.32293339	245.9095967	38.72594179	40.76529081	0.228353398
4918.237373	0.339474435	37.61127156	240.240599	42.54875251	45.8810475	0.243358566
4695.530872	0.389704627	31.94826946	214.6054224	37.31870682	47.94755169	0.182047838
5152.091499	0.336775065	34.07594596	210.5157874	38.04803187	49.20587539	0.240848059
5112.405315	0.335400325	37.33808908	227.1943758	43.22203753	42.9066306	0.220383431
4674.104846	0.391731892	35.05917454	238.2228862	42.07793875	55.90683545	0.236022658
5200.112284	0.376056983	32.75001878	246.4986127	43.79234316	46.70371918	0.185095917
4754.784428	0.366722932	33.30886492	205.6475036	43.69902544	50.08247201	0.187024723
4983.29157	0.359418433	31.60180067	228.8213871	38.88442617	46.35936276	0.197588562
5351.603533	0.363135347	31.31659897	220.9600383	44.96395242	46.38475584	0.16955029
4513.964423	0.36190612	32.1663331	204.0079395	38.51517409	49.52339764	0.20874719
4603.432485	0.353195751	37.36326846	222.2004483	40.14471996	44.91793992	0.208192426
5309.694752	0.386734246	32.07563792	230.6485103	39.37677495	42.98144348	0.199515855
5154.758099	0.33026046	34.78685519	215.2627826	43.60759207	51.32850404	0.196193765
4964.432642	0.350278704	32.54165833	238.3901208	44.26255222	44.99645112	0.187984169
4791.655498	0.359460977	34.25265134	209.1478946	39.64832416	38.61192741	0.214309436
5195.109755	0.368351466	34.77226412	244.9378531	39.43416866	47.3312031	0.179926193
5056.93376	0.374792821	31.28900569	215.2121754	42.2295384	44.87924484	0.188415351
5266.187461	0.389982675	31.84685956	238.4653466	39.77452047	48.97039193	0.209777169
5423.266179	0.330783351	35.73808081	232.3501826	43.23115154	50.17692992	0.170412327
4691.79783	0.351805914	31.41787706	211.0298237	43.66965582	45.12279373	0.204743465
5048.487604	0.326795958	35.980288	244.4284659	41.24361802	45.21123698	0.189176229
5390.768958	0.388852318	33.66127371	212.3735537	44.73302698	53.90408572	0.18827498
5469.396007	0.364142142	37.18474454	226.0578428	38.40198092	44.58263848	0.198393915
5352.272939	0.375467694	33.59941099	228.9658038	44.46604959	51.57446112	0.217141386
5165.037235	0.340956855	37.17566859	241.4346676	42.10568952	41.44335993	0.23542031
5182.673295	0.345351741	34.03390205	223.1231773	37.12900052	42.40015557	0.24465757
4877.429564	0.382695357	36.63918965	233.2552485	41.23421987	54.54066061	0.188653819
4938.451739	0.333474323	36.52139498	221.1858127	37.33444496	38.04501808	0.175916888
4955.609857	0.391042279	32.35235743	209.3968469	42.92856367	41.32332794	0.193394991
4809.059403	0.37980376	33.43301438	226.7051212	39.10696884	39.12657872	0.227059332
4990.315811	0.337297198	36.47174037	208.4213763	42.62574964	39.62098377	0.199768402
5231.772722	0.346363816	34.56035418	241.1972404	42.42958144	49.33637788	0.187850397
4794.696433	0.384279815	35.12717082	229.4828136	41.82593135	38.07788855	0.192131538
4702.125332	0.334109252	36.29600512	232.6162824	43.05680621	39.56642347	0.181163481
5312.130151	0.370125353	31.64835992	212.5396142	39.97665864	43.44772392	0.165707783
4745.092352	0.326415982	34.22681315	226.5995864	36.82906406	41.92186957	0.202180173
5303.00782	0.349497186	36.76210667	207.8749191	41.66062359	42.31613602	0.211470997
4824.423109	0.390180182	37.84903468	229.9811178	36.85467705	50.29159916	0.179734497
4814.655573	0.372312072	35.53926687	222.3341748	39.2716742	40.89333544	0.210186116
4779.722923	0.354126108	35.44365047	235.322974	44.59647883	44.53745189	0.196468573
5382.531209	0.394739171	31.78541273	215.9805336	44.00500068	51.20349173	0.241445088
4728.108818	0.380387511	33.66722266	202.5992513	44.10409167	43.14050781	0.177356862
5367.631766	0.390792012	35.09652468	227.8324588	39.39109169	46.78866774	0.218568118
4844.1265	0.36568929	33.95006937	247.2530763	44.7797728	53.49002266	0.192747988
4557.134303	0.372752617	37.8887734	224.9674311	38.00888086	49.61256394	0.233536958
5425.098594	0.329324553	35.8088244	241.9753113	37.23832274	46.05030651	0.196367732
4894.142027	0.332278261	31.55897664	245.2028818	40.66784223	41.0415744	0.233980055
4593.168251	0.337898226	35.28848711	210.4060239	37.76880495	49.09015503	0.197219728
4887.196249	0.369683559	37.50862762	221.9718543	40.60325148	46.72435935	0.229320893
5047.31748	0.363950116	37.58208118	210.1795615	39.36698127	43.65135307	0.240342384
5486.316429	0.368513487	32.38906599	230.9300535	38.79756273	52.67840315	0.237139035
4738.217563	0.341484067	33.06335561	234.7911211	39.87248316	50.99228166	0.240808696
4645.251042	0.368266579	33.64404978	228.8926454	41.86179973	41.7668459	0.212238287
5420.892922	0.325125286	35.11150108	224.7245429	38.50006964	51.11396421	0.213999806
4625.703223	0.357480161	34.48974456	240.7226827	38.02469698	42.71443891	0.199149983
4777.555738	0.33158734	35.14903626	231.8059186	44.64941025	55.71926752	0.167549264
4833.184434	0.333209117	32.88814709	235.7226732	39.1170667	43.67336163	0.16855392
4898.212031	0.388920985	35.10640882	232.9607147	38.66000326	52.55157281	0.211564938
5316.077347	0.325467275	37.92324835	233.5816204	39.59058334	48.64071628	0.218913549
4558.9138	0.351261501	35.18352093	204.5183875	43.0688756	38.33157293	0.235333676
4822.706715	0.341153515	36.41719568	207.2870408	37.07786505	43.72138278	0.207498264
4819.557789	0.384161142	35.96383072	210.988486	43.24310113	56.14624169	0.230204242
5399.313429	0.352582684	34.6132149	235.3514201	41.72568489	38.92984809	0.202369226
5023.166204	0.372013177	31.98041848	230.5314015	42.66632959	51.08170792	0.208198949
5286.622497	0.387092408	35.92604634	226.7761386	44.99232042	53.87862841	0.238040197
5320.987935	0.370345137	33.68750587	205.1333956	42.04370445	55.48875555	0.22112886
5058.170432	0.390049785	36.98910084	234.529484	39.76688347	46.60530329	0.239753341
4635.257792	0.381959059	37.00947797	206.3851297	38.28779595	41.55106192	0.220896334
5108.396799	0.376134047	37.03138333	211.5281693	43.09876212	55.59653173	0.236497067
4957.073995	0.385218022	38.01476594	242.6547106	37.44706417	45.62833075	0.21809581
5220.684096	0.349042417	34.1481605	218.1289998	44.25724415	39.04162281	0.214475237
5053.402388	0.342870078	31.64437519	209.5940735	42.5357674	52.03893009	0.240712691
5397.982835	0.33527025	36.91703845	203.2845161	43.01200277	50.80699905	0.187887726
5254.402184	0.377553645	37.96822925	239.1346299	37.42771595	39.73343706	0.210671236
5052.620672	0.379997195	35.54085129	233.4706268	42.82260034	47.30603634	0.234956218
4532.15437	0.3314982	34.40559589	210.7787302	38.68015985	55.86590124	0.241053027
5166.381345	0.367231528	35.40736349	231.9614504	40.29660156	54.24340342	0.172242964
5196.161134	0.359809227	35.90135975	230.2946753	42.88205803	41.24569499	0.21488984
4815.758112	0.371482452	32.36103321	216.3746744	40.03730904	50.534514	0.195304346
5333.871111	0.363210293	37.3435991	218.250892	43.08931868	47.46181317	0.214607437
4965.350777	0.347122498	34.9591725	225.1606713	42.47113101	40.50213142	0.237594538
5362.685536	0.392537184	31.7905828	213.9316351	40.75422453	49.15018158	0.231958704
4649.294149	0.394822094	33.12596118	229.3319134	44.22499164	55.72359845	0.220768667
4604.530629	0.372395732	37.52351549	225.3685796	38.11060191	54.90892031	0.234752787
4748.832423	0.380704746	34.97621557	224.8852185	42.1630483	51.1840258	0.192263744
4519.59749	0.392899076	33.37185258	230.0295895	41.50239679	42.20159019	0.220524934
4648.335311	0.360560383	33.63164751	219.1332571	37.67259895	51.26367717	0.230874138
5471.299225	0.338953369	32.51453696	228.7041615	39.22494597	48.58383534	0.234588701
4730.452593	0.380265568	37.97546823	220.2881419	39.72073267	43.41295637	0.224043924
4895.422646	0.375354743	32.98128144	245.8385207	44.84166682	53.60569845	0.189831598
5418.359606	0.390640987	36.05900487	238.7327375	44.09314044	50.45392795	0.228419813
5132.558319	0.343817911	35.64391539	221.2524576	38.18559099	46.49475686	0.206274181
4795.742545	0.34828699	32.48335426	218.6590252	37.11278692	52.36608201	0.242000561
4802.424335	0.395345578	35.24672718	203.1263015	37.75969089	49.70750745	0.220655435
4619.429356	0.356319736	36.97533899	231.4993355	37.20886737	48.82493518	0.216966752
5270.124873	0.33017721	34.20322571	227.3885875	42.32117928	46.37415375	0.166172068
5075.024434	0.327738658	37.7940043	239.3807465	44.05881317	42.65349542	0.186033205
4653.290185	0.383988876	36.8807848	214.7774298	41.12331759	44.1031117	0.24030236
4789.317521	0.325981263	36.85910496	227.4906316	38.64661035	46.09594793	0.165335389
4977.65369	0.356877144	35.62594744	206.180095	42.71816168	43.60903528	0.179498775
5024.956936	0.389153749	32.13155036	230.4768753	41.84366808	38.27927208	0.188706022
4552.935731	0.346295806	34.92609913	216.7465924	41.31668883	43.97436817	0.219158652
4773.457886	0.391348022	32.31990264	235.8169647	42.31504876	47.20261782	0.235024718
4566.240478	0.393533281	31.63515302	203.1477221	44.20131365	39.32475241	0.208298497
4980.763898	0.33406687	34.08317132	208.2792739	40.49139036	48.44056747	0.227047965
4780.759327	0.339163225	33.0883076	209.3590362	37.40747947	55.98130702	0.19102767
4927.740648	0.34330212	36.57908249	224.2898516	41.08696621	41.77741667	0.182585039
4570.743688	0.36597041	33.23020893	244.0573544	41.78195029	55.0801459	0.178191673
5107.10592	0.362667859	37.13351854	221.5367941	43.64018815	48.24032194	0.238719921
5259.68156	0.385885946	34.46023496	241.5404167	40.45939605	41.06709871	0.19833996
5202.463261	0.338336557	33.3988296	245.9722114	40.41417204	48.79061955	0.212513584
5410.212163	0.34757137	31.99541095	242.2742527	42.41349805	44.64022629	0.212959791
4862.098519	0.331258524	34.47769916	236.4687011	40.96190839	44.86937668	0.173647892
5324.823574	0.350585575	34.05075773	209.0402216	40.9129611	53.74642466	0.164206612
4676.17501	0.366975678	32.21366825	221.0838314	39.09453585	49.49937207	0.200157697
5034.16357	0.327579311	32.62613618	210.9579649	37.08686764	41.92642017	0.18819171
5387.665987	0.359739227	36.8422784	206.0544879	43.00232596	49.02469693	0.183821755
5074.894389	0.388313922	33.43868266	243.4120973	43.17639232	43.37310558	0.194700678
5159.516558	0.353466205	32.56022398	235.0351313	38.82923063	49.91594698	0.197348354
4517.702702	0.382159242	36.25249722	206.2911681	41.95652346	39.76446653	0.201069993
5485.15359	0.38844359	37.79259753	233.3405831	42.62045666	50.76968304	0.19596016
5036.953457	0.355225341	34.06005087	242.1555002	43.87129786	39.35745748	0.208038159
5128.540884	0.35435666	36.35883001	208.6090151	44.40230908	41.49998261	0.239820678
5267.679734	0.364373761	31.50761254	232.2101667	40.27743629	48.89500573	0.213487064
5278.036563	0.337678362	35.96135729	215.3901799	40.49533346	39.07634404	0.204059467
4705.809204	0.375075642	37.41921669	226.856675	37.31017304	55.11537426	0.172588537
5353.748619	0.376218735	36.01468279	212.1455608	37.85454055	50.86308675	0.245694515
5280.120187	0.366903178	37.23551677	241.015633	37.87086255	54.43225452	0.195999519
4907.525045	0.365386039	36.37188393	244.6655715	41.48493568	41.27086547	0.210392315
5307.325834	0.378393201	34.12768413	213.03595	41.93080933	44.85630561	0.240502728
5153.546449	0.368646549	32.55347841	231.6324628	37.23690294	49.67456997	0.238469629
4591.398881	0.333112627	34.0059396	205.0578279	40.66036547	44.75885089	0.245293045
5113.415093	0.345469492	36.16499551	240.264597	38.43814808	50.6001449	0.232723938
4807.180738	0.388622282	35.1381936	247.4070855	42.63959591	44.78763076	0.185478634
5191.255387	0.395377562	37.55929752	207.358641	42.9804802	52.48238612	0.187681839
4672.020536	0.380038664	32.18947926	204.0918866	39.67411465	44.19892961	0.241959877
4707.923676	0.389212325	34.55474933	224.2343188	39.74592963	42.37638315	0.214085166
4878.6537	0.346789136	37.28604994	207.0054939	42.3044817	49.12289647	0.211361033
4717.932614	0.332912926	31.22511802	206.2242431	36.97474011	44.47903588	0.223479659
5234.163512	0.339638723	32.57180937	209.9510713	42.23932798	41.8268329	0.166637229
5393.921097	0.364944824	36.12206353	229.122952	37.81024172	55.25157708	0.179488682
4663.794658	0.364467779	36.93300956	239.6920457	44.63227559	40.54556816	0.201629964
5125.577394	0.351777684	31.68765709	211.3299203	39.06720272	42.5966087	0.189318204
5463.440036	0.324768857	32.85454023	223.656486	42.09414911	42.76424096	0.164111667
4774.257614	0.375908113	33.07801161	241.9035829	40.69572823	42.2285385	0.20454869
5375.751946	0.352158592	33.74632387	223.7761087	38.64258479	46.1061049	0.231786012
4569.228669	0.337889408	31.98942544	233.4001339	37.26509198	40.32203107	0.169763695
4752.064187	0.381708717	33.24916857	204.9512221	42.45529887	43.08963618	0.164257731
4545.76733	0.324188273	35.74543515	227.6075015	39.63041201	41.10724486	0.165419267
4966.671202	0.369454757	31.61172612	220.5716166	38.31030115	50.12894507	0.18912049
4808.715213	0.344813579	35.49242799	221.6802036	41.58576802	49.12549822	0.234121442
5470.642061	0.379213244	32.52007866	235.020773	40.47435457	47.00830885	0.240031732
4572.419048	0.370522406	32.23322554	210.7944289	36.94361618	45.62458436	0.172491577
5173.390762	0.330650675	35.86249763	228.5887013	42.32831497	42.21762323	0.236656197
4550.81614	0.357740812	36.22156795	207.4049164	39.20372892	47.16434197	0.175760223
5461.317428	0.336095824	32.63421291	224.517138	37.95474706	43.35158998	0.19612035
5245.81454	0.395965249	37.7362287	212.6669341	42.93700443	45.85931583	0.2441041
5265.789074	0.335087317	31.38131165	213.7363374	42.06166158	54.94762464	0.182417321
5241.852264	0.32804831	36.83581606	232.6992867	37.89239859	54.83721049	0.171254128
5277.505637	0.362116656	38.11073692	221.5910642	39.34109039	44.56414578	0.215234864
4589.635661	0.393386153	35.65352311	204.0720596	43.04242118	55.39460532	0.197154414
4880.950894	0.365116654	33.76347782	203.4215903	42.81325441	53.31026999	0.221020864
4502.443964	0.348101832	31.70208991	237.4147137	40.43702091	49.65961742	0.182133317
4642.060019	0.389766269	36.32319443	217.9250684	39.42847962	46.58984603	0.176353595
5374.86675	0.378634415	36.15233455	227.8808228	40.05778721	46.74104884	0.19508009
